AAPL,1980,12,3.69296917152	
AAPL,1981,1,1.36346414222	
AAPL,1981,2,1.40254122351	
AAPL,1981,3,1.54258503657	
AAPL,1981,4,1.32629861917	
AAPL,1981,5,2.07875082682	
AAPL,1981,6,1.69270505795	
AAPL,1981,7,1.04147503471	
AAPL,1981,8,2.34675153137	
AAPL,1981,9,2.18811788164	
AAPL,1981,10,1.20520050799	
AAPL,1981,11,0.61236325004	
AAPL,1981,12,1.56976468205	
AAPL,1982,1,0.991420571705	
AAPL,1982,2,0.696217719951	
AAPL,1982,3,1.1341774165	
AAPL,1982,4,1.07470609809	
AAPL,1982,5,0.752544184749	
AAPL,1982,6,0.354234129047	
AAPL,1982,7,1.01749681731	
AAPL,1982,8,1.83889974515	
AAPL,1982,9,0.397386016687	
AAPL,1982,10,2.2643102998	
AAPL,1982,11,1.51700982886	
AAPL,1982,12,1.70053734823	
AAPL,1983,1,4.28937462736	
AAPL,1983,2,1.84071842532	
AAPL,1983,3,1.3563756889	
AAPL,1983,4,4.27963246085	
AAPL,1983,5,3.3684113483	
AAPL,1983,6,4.19448772471	
AAPL,1983,7,4.245539895	
AAPL,1983,8,1.54546302273	
AAPL,1983,9,4.7745388259	
AAPL,1983,10,1.20003004498	
AAPL,1983,11,1.2028098245	
AAPL,1983,12,1.76367170088	
AAPL,1984,1,1.23105968032	
AAPL,1984,2,1.2361314655	
AAPL,1984,3,0.723185675094	
AAPL,1984,4,2.25001883325	
AAPL,1984,5,1.45142790906	
AAPL,1984,6,1.3818361704	
AAPL,1984,7,0.722644425694	
AAPL,1984,8,1.33963640921	
AAPL,1984,9,0.808776648767	
AAPL,1984,10,0.77277273099	
AAPL,1984,11,1.08996931451	
AAPL,1984,12,1.20013280515	
AAPL,1985,1,0.828900621106	
AAPL,1985,2,1.61956613321	
AAPL,1985,3,1.24674542296	
AAPL,1985,4,0.814503173414	
AAPL,1985,5,1.36457581276	
AAPL,1985,6,1.07552266364	
AAPL,1985,7,0.675941950659	
AAPL,1985,8,0.328083906321	
AAPL,1985,9,0.664832873736	
AAPL,1985,10,1.31790347341	
AAPL,1985,11,0.533479146734	
AAPL,1985,12,1.08042529629	
AAPL,1986,1,0.655661926593	
AAPL,1986,2,0.865539077533	
AAPL,1986,3,1.40809543356	
AAPL,1986,4,1.81684911384	
AAPL,1986,5,2.31115435813	
AAPL,1986,6,1.25861565964	
AAPL,1986,7,1.90641479101	
AAPL,1986,8,2.16383729442	
AAPL,1986,9,1.10614261012	
AAPL,1986,10,0.603496115511	
AAPL,1986,11,1.75349117532	
AAPL,1986,12,0.93161339213	
AAPL,1987,1,4.20808130854	
AAPL,1987,2,5.73488754729	
AAPL,1987,3,1.56864999599	
AAPL,1987,4,3.49210739511	
AAPL,1987,5,2.29219387269	
AAPL,1987,6,18.5652502693	
AAPL,1987,7,1.81957946281	
AAPL,1987,8,3.56061856075	
AAPL,1987,9,2.14081500576	
AAPL,1987,10,10.2094550348	
AAPL,1987,11,1.38129242016	
AAPL,1987,12,4.1259217102	
AAPL,1988,1,1.70304807624	
AAPL,1988,2,1.28483646819	
AAPL,1988,3,2.39405920367	
AAPL,1988,4,0.930140311996	
AAPL,1988,5,1.16103363128	
AAPL,1988,6,1.15658088297	
AAPL,1988,7,1.39721964988	
AAPL,1988,8,1.7704424703	
AAPL,1988,9,1.80473313207	
AAPL,1988,10,1.12672563546	
AAPL,1988,11,0.955786767366	
AAPL,1988,12,0.87478147579	
AAPL,1989,1,1.78456318455	
AAPL,1989,2,1.21803074344	
AAPL,1989,3,0.576099200881	
AAPL,1989,4,1.93300258665	
AAPL,1989,5,2.78480725478	
AAPL,1989,6,2.7715250747	
AAPL,1989,7,0.799008604459	
AAPL,1989,8,1.54667947271	
AAPL,1989,9,0.570272741765	
AAPL,1989,10,1.70467514658	
AAPL,1989,11,0.944313689762	
AAPL,1989,12,3.85650243096	
AAPL,1990,1,1.79300408152	
AAPL,1990,2,0.547859597437	
AAPL,1990,3,2.96139513693	
AAPL,1990,4,1.59736501777	
AAPL,1990,5,0.92128694124	
AAPL,1990,6,1.46617385041	
AAPL,1990,7,2.12365342155	
AAPL,1990,8,2.23731289678	
AAPL,1990,9,2.57419885071	
AAPL,1990,10,1.69451957715	
AAPL,1990,11,1.81368206431	
AAPL,1990,12,1.90695903207	
AAPL,1991,1,4.20953720881	
AAPL,1991,2,1.64537713852	
AAPL,1991,3,3.23354368302	
AAPL,1991,4,5.25971497829	
AAPL,1991,5,2.49225527658	
AAPL,1991,6,2.61910079989	
AAPL,1991,7,1.48654016188	
AAPL,1991,8,1.80708591498	
AAPL,1991,9,1.31107541736	
AAPL,1991,10,2.31811759562	
AAPL,1991,11,1.8102129709	
AAPL,1991,12,2.33624017186	
AAPL,1992,1,2.12635761202	
AAPL,1992,2,2.07786674113	
AAPL,1992,3,2.04596806685	
AAPL,1992,4,1.70713628212	
AAPL,1992,5,1.11654321457	
AAPL,1992,6,4.43453177996	
AAPL,1992,7,1.30376600091	
AAPL,1992,8,0.684294164378	
AAPL,1992,9,1.38249716553	
AAPL,1992,10,3.31447280252	
AAPL,1992,11,1.78606998743	
AAPL,1992,12,1.32351023375	
AAPL,1993,1,1.70203995253	
AAPL,1993,2,2.48436005348	
AAPL,1993,3,1.73545753461	
AAPL,1993,4,1.10987037302	
AAPL,1993,5,1.75390100918	
AAPL,1993,6,6.04994619538	
AAPL,1993,7,5.27918928016	
AAPL,1993,8,1.12179460709	
AAPL,1993,9,0.836896057667	
AAPL,1993,10,3.28332818812	
AAPL,1993,11,0.979648231559	
AAPL,1993,12,1.50306628745	
AAPL,1994,1,1.7561372784	
AAPL,1994,2,1.41996508092	
AAPL,1994,3,1.73681519804	
AAPL,1994,4,1.69902725958	
AAPL,1994,5,1.05407857044	
AAPL,1994,6,0.737321066681	
AAPL,1994,7,2.21759391007	
AAPL,1994,8,0.956572923532	
AAPL,1994,9,0.909957014758	
AAPL,1994,10,2.90970773326	
AAPL,1994,11,1.88787334311	
AAPL,1994,12,1.16671661701	
AAPL,1995,1,2.53712811021	
AAPL,1995,2,1.6200950692	
AAPL,1995,3,2.05823230634	
AAPL,1995,4,1.39935640133	
AAPL,1995,5,2.09349109353	
AAPL,1995,6,2.26611880127	
AAPL,1995,7,1.4001438319	
AAPL,1995,8,0.900136305578	
AAPL,1995,9,3.30604431307	
AAPL,1995,10,0.955252119375	
AAPL,1995,11,1.35779432985	
AAPL,1995,12,3.1311777337	
AAPL,1996,1,2.20422814024	
AAPL,1996,2,0.815306690761	
AAPL,1996,3,0.792317133419	
AAPL,1996,4,0.576033036342	
AAPL,1996,5,1.29862490847	
AAPL,1996,6,1.51151008928	
AAPL,1996,7,1.66262090221	
AAPL,1996,8,1.10789167654	
AAPL,1996,9,0.945977801008	
AAPL,1996,10,1.16828975224	
AAPL,1996,11,0.609044128122	
AAPL,1996,12,1.19554179409	
AAPL,1997,1,1.29977787359	
AAPL,1997,2,0.712468301283	
AAPL,1997,3,0.633034556719	
AAPL,1997,4,0.643862954465	
AAPL,1997,5,0.345397992528	
AAPL,1997,6,0.748029004979	
AAPL,1997,7,1.49817857734	
AAPL,1997,8,2.29749612304	
AAPL,1997,9,0.472651132412	
AAPL,1997,10,2.32314368849	
AAPL,1997,11,0.58206576434	
AAPL,1997,12,1.22695383062	
AAPL,1998,1,1.00460576845	
AAPL,1998,2,1.67954534806	
AAPL,1998,3,1.60445486481	
AAPL,1998,4,1.0304040112	
AAPL,1998,5,1.33592065633	
AAPL,1998,6,0.713126192859	
AAPL,1998,7,2.30027271111	
AAPL,1998,8,3.07872599325	
AAPL,1998,9,1.42751357659	
AAPL,1998,10,2.0398083689	
AAPL,1998,11,1.63442313983	
AAPL,1998,12,3.20708835277	
AAPL,1999,1,2.42934882923	
AAPL,1999,2,1.42821276067	
AAPL,1999,3,1.02542001169	
AAPL,1999,4,3.68001762295	
AAPL,1999,5,1.80594095972	
AAPL,1999,6,1.93399412214	
AAPL,1999,7,2.93718763476	
AAPL,1999,8,3.28263009347	
AAPL,1999,9,6.38058310943	
AAPL,1999,10,5.11371443116	
AAPL,1999,11,5.15880674913	
AAPL,1999,12,6.28395865388	
AAPL,2000,1,6.98279061336	
AAPL,2000,2,5.22520085738	
AAPL,2000,3,8.28036767583	
AAPL,2000,4,6.3385763058	
AAPL,2000,5,11.4654908744	
AAPL,2000,6,19.6491008143	
AAPL,2000,7,3.24170017121	
AAPL,2000,8,4.66398966786	
AAPL,2000,9,7.86185862249	
AAPL,2000,10,1.63576681035	
AAPL,2000,11,1.44438689925	
AAPL,2000,12,0.906288585385	
AAPL,2001,1,1.99282636376	
AAPL,2001,2,0.889082754328	
AAPL,2001,3,1.27508612576	
AAPL,2001,4,2.06198351109	
AAPL,2001,5,1.63193497936	
AAPL,2001,6,1.32597818255	
AAPL,2001,7,2.27086286257	
AAPL,2001,8,0.551642674955	
AAPL,2001,9,1.04860669462	
AAPL,2001,10,1.24043455402	
AAPL,2001,11,0.840651135172	
AAPL,2001,12,0.83842411702	
AAPL,2002,1,1.0532820964	
AAPL,2002,2,1.19103925848	
AAPL,2002,3,0.560677046079	
AAPL,2002,4,0.683057812492	
AAPL,2002,5,0.810379974135	
AAPL,2002,6,2.2044973917	
AAPL,2002,7,1.4622198114	
AAPL,2002,8,0.571281725524	
AAPL,2002,9,0.278809971127	
AAPL,2002,10,0.676150563204	
AAPL,2002,11,0.547285117649	
AAPL,2002,12,0.421519764145	
AAPL,2003,1,0.323923649356	
AAPL,2003,2,0.280979686966	
AAPL,2003,3,0.259553078297	
AAPL,2003,4,0.507264237654	
AAPL,2003,5,1.23811684963	
AAPL,2003,6,0.825611296922	
AAPL,2003,7,0.669100884622	
AAPL,2003,8,0.844152622926	
AAPL,2003,9,0.773944164111	
AAPL,2003,10,0.996947135851	
AAPL,2003,11,1.00457890901	
AAPL,2003,12,0.600988166988	
AAPL,2004,1,0.668418095207	
AAPL,2004,2,0.568335086092	
AAPL,2004,3,1.19069454402	
AAPL,2004,4,0.827085970026	
AAPL,2004,5,0.705156720169	
AAPL,2004,6,1.79492039629	
AAPL,2004,7,1.14089732755	
AAPL,2004,8,1.41291219393	
AAPL,2004,9,1.11197195677	
AAPL,2004,10,4.79513406044	
AAPL,2004,11,4.69141462693	
AAPL,2004,12,1.23718638734	
AAPL,2005,1,3.62544104214	
AAPL,2005,2,9.67251716802	
AAPL,2005,3,1.34300598834	
AAPL,2005,4,3.0580944966	
AAPL,2005,5,1.92834386065	
AAPL,2005,6,1.16768578078	
AAPL,2005,7,2.69343071194	
AAPL,2005,8,1.59483096982	
AAPL,2005,9,2.15544630015	
AAPL,2005,10,2.22611654382	
AAPL,2005,11,3.4314070173	
AAPL,2005,12,1.22522049022	
AAPL,2006,1,4.18496885191	
AAPL,2006,2,2.57107633561	
AAPL,2006,3,2.92671929339	
AAPL,2006,4,2.41822819115	
AAPL,2006,5,3.78190579581	
AAPL,2006,6,1.5180127723	
AAPL,2006,7,4.86430802755	
AAPL,2006,8,1.64947880867	
AAPL,2006,9,2.28080270957	
AAPL,2006,10,3.15223546547	
AAPL,2006,11,4.47792215744	
AAPL,2006,12,3.30835801418	
AAPL,2007,1,4.44693633303	
AAPL,2007,2,1.88699529584	
AAPL,2007,3,3.00268466179	
AAPL,2007,4,2.91102150284	
AAPL,2007,5,5.64734255887	
AAPL,2007,6,2.05729567334	
AAPL,2007,7,5.97265560052	
AAPL,2007,8,5.87921526026	
AAPL,2007,9,6.90879783133	
AAPL,2007,10,10.6270708421	
AAPL,2007,11,9.94291744986	
AAPL,2007,12,6.44057073359	
AAPL,2008,1,21.3944406389	
AAPL,2008,2,4.18469365665	
AAPL,2008,3,8.14094156723	
AAPL,2008,4,9.10694266859	
AAPL,2008,5,3.56401103188	
AAPL,2008,6,6.30189281575	
AAPL,2008,7,6.93729204141	
AAPL,2008,8,7.0987688243	
AAPL,2008,9,16.5312821308	
AAPL,2008,10,6.36324619038	
AAPL,2008,11,7.48283894457	
AAPL,2008,12,4.94270495088	
AAPL,2009,1,4.2669819545	
AAPL,2009,2,4.18052164434	
AAPL,2009,3,8.0587977221	
AAPL,2009,4,4.41069318034	
AAPL,2009,5,4.48178970948	
AAPL,2009,6,3.03155471119	
AAPL,2009,7,9.45020727275	
AAPL,2009,8,2.54848316453	
AAPL,2009,9,7.39167485889	
AAPL,2009,10,6.53435806743	
AAPL,2009,11,5.6444855479	
AAPL,2009,12,6.87450775458	
AAPL,2010,1,5.85508934573	
AAPL,2010,2,3.55860808093	
AAPL,2010,3,7.62580643592	
AAPL,2010,4,11.4834297514	
AAPL,2010,5,7.74727725462	
AAPL,2010,6,8.90583854607	
AAPL,2010,7,5.08114325923	
AAPL,2010,8,7.80228874307	
AAPL,2010,9,13.1891645076	
AAPL,2010,10,10.4297060048	
AAPL,2010,11,5.45399538378	
AAPL,2010,12,2.57451613493	
AAPL,2011,1,5.63888607683	
AAPL,2011,2,6.96922093517	
AAPL,2011,3,8.12677296491	
AAPL,2011,4,7.56385036126	
AAPL,2011,5,5.94705258654	
AAPL,2011,6,7.63156703036	
AAPL,2011,7,18.7116262254	
AAPL,2011,8,11.5334998713	
AAPL,2011,9,11.9986306097	
AAPL,2011,10,15.2746094954	
AAPL,2011,11,12.270544529	
AAPL,2011,12,8.24458299448	
AAPL,2012,1,13.0043482285	
AAPL,2012,2,25.822269633	
AAPL,2012,3,30.1796154762	
AAPL,2012,4,22.1527032436	
AAPL,2012,5,14.4393317539	
AAPL,2012,6,7.33581115375	
AAPL,2012,7,10.832001802	
AAPL,2012,8,23.0891167354	
AAPL,2012,9,13.8832766722	
AAPL,2012,10,20.6895008157	
AAPL,2012,11,21.872271387	
AAPL,2012,12,19.4229473879	
AAPL,2013,1,32.2982804099	
AAPL,2013,2,11.2868138503	
AAPL,2013,3,13.4292811632	
AAPL,2013,4,14.5068488673	
AAPL,2013,5,8.88745214491	
AAPL,2013,6,17.9958891211	
AAPL,2013,7,11.7174172934	
AAPL,2013,8,17.7165112996	
AAPL,2013,9,15.0477737672	
AAPL,2013,10,17.1206750227	
AAPL,2013,11,9.9907047573	
AAPL,2013,12,6.87535806794	
AAPL,2014,1,18.4467766478	
AAPL,2014,2,12.1649500832	
AAPL,2014,3,4.79686065139	
AAPL,2014,4,25.0864401683	
AAPL,2014,5,14.6811181643	
AAPL,2014,6,233.767337765	
AAPL,2014,7,1.64375416274	
AAPL,2014,8,2.78706332008	
AAPL,2014,9,1.53789988439	
AAPL,2014,10,3.42109374611	
AAPL,2014,11,3.7830998846	
AAPL,2014,12,2.3348090424	
AAPL,2015,1,3.50206549767	
AAPL,2015,2,4.79924633395	
AAPL,2015,3,1.98016200867	
AAPL,2015,4,2.06752505763	
AAPL,2015,5,2.32340918695	
AAPL,2015,6,1.41062782752	
AAPL,2015,7,2.94033505709	
AAPL,2015,8,4.30979020487	
AAPL,2015,9,2.44954399014	
AAPL,2015,10,3.36871165014	
AAPL,2015,11,2.7409653751	
AAPL,2015,12,4.46858874037	
