AABA,1,2015,-0.123181183974,-0.0564438759234,-0.0564438759234,-0.0564438759234,-0.0828766024147,-0.0601910828025,-0.0727957712699,-0.0727957712699,-0.0727957712699,-0.128216333948	
AABA,2,2015,-0.00906344410876,-0.0231805248238,-0.0327570632237,-0.023181183974,-0.0409346067498,0.0750760906324,-0.0445730107102,-0.0638528085276,-0.00757983903328,-0.0409016182228	
AABA,3,2015,0.00736794377692,-0.00845050700094,-0.0171954812059,-0.023181183974,-0.0134731088502,0.122256097561,-0.0249238003054,-0.0480382499037,-0.00757983903328,-0.013635248613	
AABA,4,2015,-0.0354634035803,0.0151396404226,-0.0452792107077,-0.0235347880281,0.00607802007615,0.00328947368421,0.0222561965902,-0.0752840519978,0.022432899588,0.00236971945582	
AABA,5,2015,0.00999764761233,0.0151396404226,-0.0452792107077,-0.0235347880281,0.00329756248117,0.0385984122639,0.0222561965902,-0.0752840519978,0.022432899588,0.00611274087565	
AABA,6,2015,-0.0936562860438,0.0151396404226,-0.0452792107077,-0.0235347880281,0.00617100806502,0.02482946794,0.00801975997686,-0.0752840519978,0.022432899588,0.00290388893224	
AABA,7,2015,-0.0676328502415,0.00893867615243,25.6391183062,-0.0225979724023,0.0061998280009,0.00526454330087,0.0222557843067,115.400402812,0.0219977566358,0.00709792995588	
AABA,8,2015,-0.121286454075,0.00893867615243,25.6391183062,-0.0225979724023,0.00398525379567,0.101804123711,0.0183635710609,115.400402812,0.0219977566358,0.00208024928541	
AABA,9,2015,-0.0851265822785,0.00802183814994,0.0731395599759,-0.0235504435622,0.00806672779198,0.00395993477754,0.00634455716681,0.0731395599759,0.0226814595044,0.00743249829373	
AABA,10,2015,0.232099619509,0.00857930247815,0.0731395599759,-0.0231810649392,0.00665801089496,-0.0366334338048,0.0137654257472,0.0544592177675,0.0222560206785,0.0159116798089	
AABA,11,2015,-0.041394953218,0.0148717403934,0.0544592177675,-0.0212863565464,0.0151915150168,-0.00750060488749,0.0155068874881,0.0544592177675,0.0222560206785,0.0133071976455	
AABA,12,2015,-0.0133491545535,0.0148717403934,0.0544592177675,-0.0212863565464,0.0139173474471,-0.0242240726722,0.0155068874881,0.0544592177675,0.0222560206785,0.0121013547815	
