AABA,2010,1,-0.122222222222	
AABA,2010,2,0.0172757475083	
AABA,2010,3,0.0468651044965	
AABA,2010,4,0.0147329650092	
AABA,2010,5,-0.0949852507375	
AABA,2010,6,-0.0785619174434	
AABA,2010,7,-0.0149041873669	
AABA,2010,8,-0.0636428571429	
AABA,2010,9,0.0598354525056	
AABA,2010,10,0.155571128241	
AABA,2010,11,-0.0207430340557	
AABA,2010,12,0.0297213622291	
AABA,2011,1,-0.0376119402985	
AABA,2011,2,0.001221001221	
AABA,2011,3,0.0360248447205	
AABA,2011,4,0.0510688836105	
AABA,2011,5,-0.087651598677	
AABA,2011,6,-0.050804670243	
AABA,2011,7,-0.152103559871	
AABA,2011,8,0.0389312977099	
AABA,2011,9,-0.0134831460674	
AABA,2011,10,0.155949741316	
AABA,2011,11,0.0522438044206	
AABA,2011,12,-0.00616142945163	
AABA,2012,1,-0.0500460546515	
AABA,2012,2,-0.057215511761	
AABA,2012,3,0.0194239785666	
AABA,2012,4,0.00549983824005	
AABA,2012,5,-0.0249520153551	
AABA,2012,6,0.0609919571046	
AABA,2012,7,0.0	
AABA,2012,8,-0.0838023764853	
AABA,2012,9,0.0728676964406	
AABA,2012,10,0.0638230647709	
AABA,2012,11,0.107374631268	
AABA,2012,12,0.0727762803234	
AABA,2013,1,-0.0224103585657	
AABA,2013,2,0.0781882591093	
AABA,2013,3,0.0724247948952	
AABA,2013,4,0.0523404255319	
AABA,2013,5,0.082304526749	
AABA,2013,6,-0.0477453580902	
AABA,2013,7,0.112916006339	
AABA,2013,8,-0.0300429184549	
AABA,2013,9,0.194024478042	
AABA,2013,10,-0.0399300495482	
AABA,2013,11,0.11449323408	
AABA,2013,12,0.0926776546879	
AABA,2014,1,-0.0904773932811	
AABA,2014,2,0.108022922636	
AABA,2014,3,-0.0614379084967	
AABA,2014,4,-0.014798574952	
AABA,2014,5,-0.05094494659	
AABA,2014,6,0.00745626613135	
AABA,2014,7,0.0130127298444	
AABA,2014,8,0.0811341942729	
AABA,2014,9,0.0376878023937	
AABA,2014,10,0.142113095238	
AABA,2014,11,0.116529995684	
AABA,2014,12,0.00818363273453	
AABA,2015,1,-0.123181183974	
AABA,2015,2,-0.00906344410876	
AABA,2015,3,0.00736794377692	
AABA,2015,4,-0.0354634035803	
AABA,2015,5,0.00999764761233	
AABA,2015,6,-0.0936562860438	
AABA,2015,7,-0.0676328502415	
AABA,2015,8,-0.121286454075	
AABA,2015,9,-0.0851265822785	
AABA,2015,10,0.232099619509	
AABA,2015,11,-0.041394953218	
AABA,2015,12,-0.0133491545535	
AABA,2016,1,-0.0601910828025	
AABA,2016,2,0.0750760906324	
AABA,2016,3,0.122256097561	
AABA,2016,4,0.00328947368421	
AABA,2016,5,0.0385984122639	
AABA,2016,6,0.02482946794	
AABA,2016,7,0.00526454330087	
AABA,2016,8,0.101804123711	
AABA,2016,9,0.00395993477754	
AABA,2016,10,-0.0366334338048	
AABA,2016,11,-0.00750060488749	
AABA,2016,12,-0.0242240726722	
